dataset_name	Encoder	validation_type	sample_type	train_shape	test_shape	mean_target_before_sampling_train	mean_target_after_sampling_train	mean_target_test	num_cat_cols	train_score	val_score	test_score	time	features_before_encoding	features_after_encoding	avg_tress_number	train_prop_size
online_shoppers_intention	CatBoostEncoder	Single	None	246	7398	0.044715447154471545	0.044715447154471545	0.19059205190592052	8	0.9979240543735225	0.9347517730496454	0.6831146335223639	1.0262558460235596	17	17	51	0.05
online_shoppers_intention	CatBoostEncoder	Single	None	493	7398	0.058823529411764705	0.058823529411764705	0.19059205190592052	8	0.9955786138319415	0.9892114695340503	0.8519786025952614	1.0162837505340576	17	17	45	0.1
online_shoppers_intention	CatBoostEncoder	Single	None	1233	7398	0.07785888077858881	0.07785888077858881	0.19059205190592052	8	0.9952127797262911	0.9864187421951586	0.838075915424229	1.075124979019165	17	17	24	0.25
online_shoppers_intention	CatBoostEncoder	Single	None	2466	7398	0.09570154095701541	0.09570154095701541	0.19059205190592052	8	0.9952906216287574	0.9806958225996247	0.8041137239017041	1.148928165435791	17	17	30	0.5
online_shoppers_intention	CatBoostEncoder	Single	None	3699	7398	0.09921600432549338	0.09921600432549338	0.19059205190592052	8	0.996803821303821	0.9806372206977485	0.8477581048622067	1.2895524501800537	17	17	32	0.75
online_shoppers_intention	CatBoostEncoder	Single	gan	258	7398	0.044715447154471545	0.04263565891472868	0.19059205190592052	8	0.9835715445487019	0.9886394557823129	0.8348152569915244	0.866682767868042	17	17	7	0.05
online_shoppers_intention	CatBoostEncoder	Single	None	246	7398	0.044715447154471545	0.044715447154471545	0.19059205190592052	8	0.9979240543735225	0.9347517730496454	0.6831146335223639	1.0239381790161133	17	17	51	0.05
online_shoppers_intention	CatBoostEncoder	Single	None	493	7398	0.058823529411764705	0.058823529411764705	0.19059205190592052	8	0.9955786138319415	0.9892114695340503	0.8519786025952614	1.0063097476959229	17	17	45	0.1
online_shoppers_intention	CatBoostEncoder	Single	None	1233	7398	0.07785888077858881	0.07785888077858881	0.19059205190592052	8	0.9952127797262911	0.9864187421951586	0.838075915424229	1.0880913734436035	17	17	24	0.25
online_shoppers_intention	CatBoostEncoder	Single	None	2466	7398	0.09570154095701541	0.09570154095701541	0.19059205190592052	8	0.9952906216287574	0.9806958225996247	0.8041137239017041	1.1339678764343262	17	17	30	0.5
online_shoppers_intention	CatBoostEncoder	Single	None	3699	7398	0.09921600432549338	0.09921600432549338	0.19059205190592052	8	0.996803821303821	0.9806372206977485	0.8477581048622067	1.2596323490142822	17	17	32	0.75
online_shoppers_intention	CatBoostEncoder	Single	gan	258	7398	0.044715447154471545	0.04263565891472868	0.19059205190592052	8	0.9862584531154752	0.9282244897959184	0.671935537742151	0.8976001739501953	17	17	29	0.05
online_shoppers_intention	CatBoostEncoder	Single	None	246	7398	0.044715447154471545	0.044715447154471545	0.19059205190592052	8	0.9979240543735225	0.9347517730496454	0.6831146335223639	0.9823739528656006	17	17	51	0.05
online_shoppers_intention	CatBoostEncoder	Single	None	493	7398	0.058823529411764705	0.058823529411764705	0.19059205190592052	8	0.9955786138319415	0.9892114695340503	0.8519786025952614	1.0162832736968994	17	17	45	0.1
online_shoppers_intention	CatBoostEncoder	Single	None	1233	7398	0.07785888077858881	0.07785888077858881	0.19059205190592052	8	0.9952127797262911	0.9864187421951586	0.838075915424229	1.1000587940216064	17	17	24	0.25
online_shoppers_intention	CatBoostEncoder	Single	None	2466	7398	0.09570154095701541	0.09570154095701541	0.19059205190592052	8	0.9952906216287574	0.9806958225996247	0.8041137239017041	1.1489284038543701	17	17	30	0.5
online_shoppers_intention	CatBoostEncoder	Single	None	3699	7398	0.09921600432549338	0.09921600432549338	0.19059205190592052	8	0.996803821303821	0.9806372206977485	0.8477581048622067	1.3244595527648926	17	17	32	0.75
online_shoppers_intention	CatBoostEncoder	Single	gan	258	7398	0.044715447154471545	0.04263565891472868	0.19059205190592052	8	0.9806140223441406	0.9406394557823129	0.8411707575908318	0.8696753978729248	17	17	7	0.05
BankruptcyPrediction	CatBoostEncoder	Single	None	136	4092	0.11764705882352941	0.11764705882352941	0.015151515151515152	2	0.9919003739316239	0.9625	0.9144620987753141	0.4697284698486328	95	95	18	0.05
BankruptcyPrediction	CatBoostEncoder	Single	None	272	4092	0.09926470588235294	0.09926470588235294	0.015151515151515152	2	0.99094442971994	0.972312925170068	0.8997738733690868	0.47373294830322266	95	95	14	0.1
BankruptcyPrediction	CatBoostEncoder	Single	None	681	4092	0.05286343612334802	0.05286343612334802	0.015151515151515152	2	0.9989574979951884	0.972452934662237	0.908592811974706	1.00032639503479	95	95	55	0.25
BankruptcyPrediction	CatBoostEncoder	Single	None	1363	4092	0.04842259721203228	0.04842259721203228	0.015151515151515152	2	0.9974233405644872	0.9466743146962926	0.9238733690866885	1.5039801597595215	95	95	41	0.5
BankruptcyPrediction	CatBoostEncoder	Single	None	2045	4092	0.060146699266503664	0.060146699266503664	0.015151515151515152	2	1.0	0.9366241883116884	0.952797566637317	2.6349563598632812	95	95	93	0.75
BankruptcyPrediction	CatBoostEncoder	Single	gan	142	4092	0.11764705882352941	0.11267605633802817	0.015151515151515152	2	0.9936123381568926	0.9555384615384617	0.9238113343472344	0.44580793380737305	95	95	12	0.05
BankruptcyPrediction	CatBoostEncoder	Single	None	136	4092	0.11764705882352941	0.11764705882352941	0.015151515151515152	2	0.9919003739316239	0.9625	0.9144620987753141	0.4707763195037842	95	95	18	0.05
BankruptcyPrediction	CatBoostEncoder	Single	None	272	4092	0.09926470588235294	0.09926470588235294	0.015151515151515152	2	0.99094442971994	0.972312925170068	0.8997738733690868	0.4667525291442871	95	95	14	0.1
BankruptcyPrediction	CatBoostEncoder	Single	None	681	4092	0.05286343612334802	0.05286343612334802	0.015151515151515152	2	0.9989574979951884	0.972452934662237	0.908592811974706	0.9763898849487305	95	95	55	0.25
BankruptcyPrediction	CatBoostEncoder	Single	None	1363	4092	0.04842259721203228	0.04842259721203228	0.015151515151515152	2	0.9974233405644872	0.9466743146962926	0.9238733690866885	1.758301019668579	95	95	41	0.5
BankruptcyPrediction	CatBoostEncoder	Single	None	2045	4092	0.060146699266503664	0.060146699266503664	0.015151515151515152	2	1.0	0.9366241883116884	0.952797566637317	2.318801164627075	95	95	93	0.75
BankruptcyPrediction	CatBoostEncoder	Single	gan	142	4092	0.11764705882352941	0.11267605633802817	0.015151515151515152	2	0.9936123381568926	0.9555384615384617	0.9238113343472344	0.4089071750640869	95	95	12	0.05
BankruptcyPrediction	CatBoostEncoder	Single	None	136	4092	0.11764705882352941	0.11764705882352941	0.015151515151515152	2	0.9919003739316239	0.9625	0.9144620987753141	0.663520336151123	95	95	18	0.05
BankruptcyPrediction	CatBoostEncoder	Single	None	272	4092	0.09926470588235294	0.09926470588235294	0.015151515151515152	2	0.99094442971994	0.972312925170068	0.8997738733690868	0.6111798286437988	95	95	14	0.1
BankruptcyPrediction	CatBoostEncoder	Single	None	681	4092	0.05286343612334802	0.05286343612334802	0.015151515151515152	2	0.9989574979951884	0.972452934662237	0.908592811974706	1.2463321685791016	95	95	55	0.25
BankruptcyPrediction	CatBoostEncoder	Single	None	1363	4092	0.04842259721203228	0.04842259721203228	0.015151515151515152	2	0.9974233405644872	0.9466743146962926	0.9238733690866885	1.7536556720733643	95	95	41	0.5
BankruptcyPrediction	CatBoostEncoder	Single	None	2045	4092	0.060146699266503664	0.060146699266503664	0.015151515151515152	2	1.0	0.9366241883116884	0.952797566637317	2.3967933654785156	95	95	93	0.75
BankruptcyPrediction	CatBoostEncoder	Single	gan	136	4092	0.11764705882352941	0.11764705882352941	0.015151515151515152	2	0.9919003739316239	0.9625	0.9144620987753141	0.4793574810028076	95	95	18	0.05
BankruptcyPrediction	CatBoostEncoder	Single	gan	272	4092	0.09926470588235294	0.09926470588235294	0.015151515151515152	2	0.99094442971994	0.972312925170068	0.8997738733690868	0.5352811813354492	95	95	14	0.1
BankruptcyPrediction	CatBoostEncoder	Single	gan	681	4092	0.05286343612334802	0.05286343612334802	0.015151515151515152	2	0.9989574979951884	0.972452934662237	0.908592811974706	1.1744277477264404	95	95	55	0.25
BankruptcyPrediction	CatBoostEncoder	Single	gan	1363	4092	0.04842259721203228	0.04842259721203228	0.015151515151515152	2	0.9974233405644872	0.9466743146962926	0.9238733690866885	1.7456669807434082	95	95	41	0.5
BankruptcyPrediction	CatBoostEncoder	Single	gan	2045	4092	0.060146699266503664	0.060146699266503664	0.015151515151515152	2	1.0	0.9366241883116884	0.952797566637317	2.3528518676757812	95	95	93	0.75
BankruptcyPrediction	CatBoostEncoder	Single	sample_original	136	4092	0.11764705882352941	0.11764705882352941	0.015151515151515152	2	0.9919003739316239	0.9625	0.9144620987753141	0.49068570137023926	95	95	18	0.05
BankruptcyPrediction	CatBoostEncoder	Single	sample_original	272	4092	0.09926470588235294	0.09926470588235294	0.015151515151515152	2	0.99094442971994	0.972312925170068	0.8997738733690868	0.5495290756225586	95	95	14	0.1
BankruptcyPrediction	CatBoostEncoder	Single	sample_original	681	4092	0.05286343612334802	0.05286343612334802	0.015151515151515152	2	0.9989574979951884	0.972452934662237	0.908592811974706	1.2476615905761719	95	95	55	0.25
BankruptcyPrediction	CatBoostEncoder	Single	sample_original	1363	4092	0.04842259721203228	0.04842259721203228	0.015151515151515152	2	0.9974233405644872	0.9466743146962926	0.9238733690866885	1.6465942859649658	95	95	41	0.5
BankruptcyPrediction	CatBoostEncoder	Single	sample_original	2045	4092	0.060146699266503664	0.060146699266503664	0.015151515151515152	2	1.0	0.9366241883116884	0.952797566637317	2.388608694076538	95	95	93	0.75
creditcard	CatBoostEncoder	Single	None	5696	170885	0.000526685393258427	0.000526685393258427	0.0014688240629663223	2	0.9974674279022105	0.9545717345249354	0.898346298573303	2.596529483795166	32	32	29	0.05
creditcard	CatBoostEncoder	Single	None	11392	170885	0.00430126404494382	0.00430126404494382	0.0014688240629663223	2	0.9998979200380307	0.9713183557542306	0.9152866130797788	2.9041171073913574	32	32	21	0.1
creditcard	CatBoostEncoder	Single	None	28480	170885	0.003265449438202247	0.003265449438202247	0.0014688240629663223	2	0.9999632358199181	0.9776542881924284	0.9524665733376727	3.9666941165924072	32	32	40	0.25
creditcard	CatBoostEncoder	Single	None	56961	170885	0.002756271835115254	0.002756271835115254	0.0014688240629663223	2	0.9998877133712598	0.9764126309439041	0.9532093737874783	5.602013111114502	32	32	38	0.5
creditcard	CatBoostEncoder	Single	None	85441	170885	0.002387612504535293	0.002387612504535293	0.0014688240629663223	2	0.9993491301565903	0.98068817546402	0.9617841911069227	9.286153793334961	32	32	85	0.75
creditcard	CatBoostEncoder	Single	gan	5696	170885	0.000526685393258427	0.000526685393258427	0.0014688240629663223	2	0.9974674279022105	0.9545717345249354	0.898346298573303	2.5366079807281494	32	32	29	0.05
creditcard	CatBoostEncoder	Single	gan	11392	170885	0.00430126404494382	0.00430126404494382	0.0014688240629663223	2	0.9998979200380307	0.9713183557542306	0.9152866130797788	2.8322112560272217	32	32	21	0.1
creditcard	CatBoostEncoder	Single	gan	28480	170885	0.003265449438202247	0.003265449438202247	0.0014688240629663223	2	0.9999632358199181	0.9776542881924284	0.9524665733376727	4.1983866691589355	32	32	40	0.25
creditcard	CatBoostEncoder	Single	gan	56961	170885	0.002756271835115254	0.002756271835115254	0.0014688240629663223	2	0.9998877133712598	0.9764126309439041	0.9532093737874783	5.640436887741089	32	32	38	0.5
creditcard	CatBoostEncoder	Single	gan	85441	170885	0.002387612504535293	0.002387612504535293	0.0014688240629663223	2	0.9993491301565903	0.98068817546402	0.9617841911069227	9.235291481018066	32	32	85	0.75
creditcard	CatBoostEncoder	Single	sample_original	5696	170885	0.000526685393258427	0.000526685393258427	0.0014688240629663223	2	0.9974674279022105	0.9545717345249354	0.898346298573303	2.520629644393921	32	32	29	0.05
creditcard	CatBoostEncoder	Single	sample_original	11392	170885	0.00430126404494382	0.00430126404494382	0.0014688240629663223	2	0.9998979200380307	0.9713183557542306	0.9152866130797788	2.8912627696990967	32	32	21	0.1
creditcard	CatBoostEncoder	Single	sample_original	28480	170885	0.003265449438202247	0.003265449438202247	0.0014688240629663223	2	0.9999632358199181	0.9776542881924284	0.9524665733376727	3.980350971221924	32	32	40	0.25
creditcard	CatBoostEncoder	Single	sample_original	56961	170885	0.002756271835115254	0.002756271835115254	0.0014688240629663223	2	0.9998877133712598	0.9764126309439041	0.9532093737874783	5.552574634552002	32	32	38	0.5
creditcard	CatBoostEncoder	Single	sample_original	85441	170885	0.002387612504535293	0.002387612504535293	0.0014688240629663223	2	0.9993491301565903	0.98068817546402	0.9617841911069227	9.34350872039795	32	32	85	0.75
online_shoppers_intention	CatBoostEncoder	Single	None	246	7398	0.044715447154471545	0.044715447154471545	0.19059205190592052	8	0.9979240543735225	0.9347517730496454	0.6831146335223639	1.1904082298278809	17	17	51	0.05
online_shoppers_intention	CatBoostEncoder	Single	None	493	7398	0.058823529411764705	0.058823529411764705	0.19059205190592052	8	0.9955786138319415	0.9892114695340503	0.8519786025952614	1.322232723236084	17	17	45	0.1
online_shoppers_intention	CatBoostEncoder	Single	None	1233	7398	0.07785888077858881	0.07785888077858881	0.19059205190592052	8	0.9952127797262911	0.9864187421951586	0.838075915424229	1.3741567134857178	17	17	24	0.25
online_shoppers_intention	CatBoostEncoder	Single	None	2466	7398	0.09570154095701541	0.09570154095701541	0.19059205190592052	8	0.9952906216287574	0.9806958225996247	0.8041137239017041	1.4460670948028564	17	17	30	0.5
online_shoppers_intention	CatBoostEncoder	Single	None	3699	7398	0.09921600432549338	0.09921600432549338	0.19059205190592052	8	0.996803821303821	0.9806372206977485	0.8477581048622067	1.6577835083007812	17	17	32	0.75
online_shoppers_intention	CatBoostEncoder	Single	gan	246	7398	0.044715447154471545	0.044715447154471545	0.19059205190592052	8	0.9979240543735225	0.9347517730496454	0.6831146335223639	1.1504604816436768	17	17	51	0.05
online_shoppers_intention	CatBoostEncoder	Single	gan	493	7398	0.058823529411764705	0.058823529411764705	0.19059205190592052	8	0.9955786138319415	0.9892114695340503	0.8519786025952614	1.2463335990905762	17	17	45	0.1
online_shoppers_intention	CatBoostEncoder	Single	gan	1233	7398	0.07785888077858881	0.07785888077858881	0.19059205190592052	8	0.9952127797262911	0.9864187421951586	0.838075915424229	1.3262267112731934	17	17	24	0.25
online_shoppers_intention	CatBoostEncoder	Single	gan	2466	7398	0.09570154095701541	0.09570154095701541	0.19059205190592052	8	0.9952906216287574	0.9806958225996247	0.8041137239017041	1.4220986366271973	17	17	30	0.5
online_shoppers_intention	CatBoostEncoder	Single	gan	3699	7398	0.09921600432549338	0.09921600432549338	0.19059205190592052	8	0.996803821303821	0.9806372206977485	0.8477581048622067	1.585878849029541	17	17	32	0.75
online_shoppers_intention	CatBoostEncoder	Single	sample_original	246	7398	0.044715447154471545	0.044715447154471545	0.19059205190592052	8	0.9979240543735225	0.9347517730496454	0.6831146335223639	1.1504614353179932	17	17	51	0.05
online_shoppers_intention	CatBoostEncoder	Single	sample_original	493	7398	0.058823529411764705	0.058823529411764705	0.19059205190592052	8	0.9955786138319415	0.9892114695340503	0.8519786025952614	1.322230339050293	17	17	45	0.1
online_shoppers_intention	CatBoostEncoder	Single	sample_original	1233	7398	0.07785888077858881	0.07785888077858881	0.19059205190592052	8	0.9952127797262911	0.9864187421951586	0.838075915424229	1.3222322463989258	17	17	24	0.25
online_shoppers_intention	CatBoostEncoder	Single	sample_original	2466	7398	0.09570154095701541	0.09570154095701541	0.19059205190592052	8	0.9952906216287574	0.9806958225996247	0.8041137239017041	1.4101152420043945	17	17	30	0.5
online_shoppers_intention	CatBoostEncoder	Single	sample_original	3699	7398	0.09921600432549338	0.09921600432549338	0.19059205190592052	8	0.996803821303821	0.9806372206977485	0.8477581048622067	1.6897413730621338	17	17	32	0.75
WA_Fn-UseC_-Telco-Customer-Churn	CatBoostEncoder	Single	None	140	4220	0.24285714285714285	0.24285714285714285	0.2682464454976303	17	0.9165536214485794	0.773639455782313	0.7551247047730643	1.7975971698760986	20	20	23	0.05
WA_Fn-UseC_-Telco-Customer-Churn	CatBoostEncoder	Single	None	281	4220	0.2526690391459075	0.2526690391459075	0.2682464454976303	17	0.9613650942833274	0.8230952380952381	0.7836475745619655	1.9254260063171387	20	20	35	0.1
WA_Fn-UseC_-Telco-Customer-Churn	CatBoostEncoder	Single	None	703	4220	0.2503556187766714	0.2503556187766714	0.2682464454976303	17	0.9453126647361312	0.7342303084755915	0.788718211611344	2.476689338684082	20	20	51	0.25
WA_Fn-UseC_-Telco-Customer-Churn	CatBoostEncoder	Single	None	1406	4220	0.26600284495021337	0.26600284495021337	0.2682464454976303	17	0.9539191700398184	0.814472411626485	0.8137548575129534	2.452721357345581	20	20	37	0.5
WA_Fn-UseC_-Telco-Customer-Churn	CatBoostEncoder	Single	None	2109	4220	0.26647700331910856	0.26647700331910856	0.2682464454976303	17	0.9209082191601835	0.782373797493965	0.7933056720188946	2.4966630935668945	20	20	29	0.75
WA_Fn-UseC_-Telco-Customer-Churn	CatBoostEncoder	Single	gan	140	4220	0.24285714285714285	0.24285714285714285	0.2682464454976303	17	0.9165536214485794	0.773639455782313	0.7551247047730643	1.7936022281646729	20	20	23	0.05
WA_Fn-UseC_-Telco-Customer-Churn	CatBoostEncoder	Single	gan	281	4220	0.2526690391459075	0.2526690391459075	0.2682464454976303	17	0.9613650942833274	0.8230952380952381	0.7836475745619655	1.8814852237701416	20	20	35	0.1
WA_Fn-UseC_-Telco-Customer-Churn	CatBoostEncoder	Single	gan	703	4220	0.2503556187766714	0.2503556187766714	0.2682464454976303	17	0.9453126647361312	0.7342303084755915	0.788718211611344	2.2010576725006104	20	20	51	0.25
WA_Fn-UseC_-Telco-Customer-Churn	CatBoostEncoder	Single	gan	1406	4220	0.26600284495021337	0.26600284495021337	0.2682464454976303	17	0.9539191700398184	0.814472411626485	0.8137548575129534	2.4127748012542725	20	20	37	0.5
WA_Fn-UseC_-Telco-Customer-Churn	CatBoostEncoder	Single	gan	2109	4220	0.26647700331910856	0.26647700331910856	0.2682464454976303	17	0.9209082191601835	0.782373797493965	0.7933056720188946	2.492668867111206	20	20	29	0.75
WA_Fn-UseC_-Telco-Customer-Churn	CatBoostEncoder	Single	sample_original	140	4220	0.24285714285714285	0.24285714285714285	0.2682464454976303	17	0.9165536214485794	0.773639455782313	0.7551247047730643	1.7856130599975586	20	20	23	0.05
WA_Fn-UseC_-Telco-Customer-Churn	CatBoostEncoder	Single	sample_original	281	4220	0.2526690391459075	0.2526690391459075	0.2682464454976303	17	0.9613650942833274	0.8230952380952381	0.7836475745619655	1.8774900436401367	20	20	35	0.1
WA_Fn-UseC_-Telco-Customer-Churn	CatBoostEncoder	Single	sample_original	703	4220	0.2503556187766714	0.2503556187766714	0.2682464454976303	17	0.9453126647361312	0.7342303084755915	0.788718211611344	2.205051898956299	20	20	51	0.25
WA_Fn-UseC_-Telco-Customer-Churn	CatBoostEncoder	Single	sample_original	1406	4220	0.26600284495021337	0.26600284495021337	0.2682464454976303	17	0.9539191700398184	0.814472411626485	0.8137548575129534	2.420764684677124	20	20	37	0.5
WA_Fn-UseC_-Telco-Customer-Churn	CatBoostEncoder	Single	sample_original	2109	4220	0.26647700331910856	0.26647700331910856	0.2682464454976303	17	0.9209082191601835	0.782373797493965	0.7933056720188946	2.5086472034454346	20	20	29	0.75
